[ 6.60720e-10 -7.03956e-10]
[ 6.60720e-10 -7.03956e-10]
[ 6.60720e-10 -7.03956e-10]
[ 6.60720e-10 -7.03956e-10]
[ 6.60720e-10 -7.03956e-10]
[ 6.60720e-10 -7.03956e-10]
[ 6.60720e-10 -7.03956e-10]
[ 6.60720e-10 -7.03956e-10]
[ 6.60720e-10 -7.03956e-10]
[ 6.60720e-10 -7.03956e-10]
[ 6.60720e-10 -7.03956e-10]
[ 6.60720e-10 -7.03956e-10]
[ 6.60720e-10 -7.03956e-10]
[ 6.60720e-10 -7.03956e-10]
[ 6.60720e-10 -7.03956e-10]
[ 6.60720e-10 -7.03956e-10]
[ 6.60720e-10 -7.03956e-10]
[ 6.60720e-10 -7.03956e-10]
[ 6.60720e-10 -7.03956e-10]
[ 6.60720e-10 -7.03956e-10]
[ 6.60720e-10 -7.03956e-10]
[ 6.60720e-10 -7.03956e-10]
[ 6.60720e-10 -7.03956e-10]
[ 6.60720e-10 -7.03956e-10]
[ 6.60720e-10 -7.03956e-10]
[ 6.60720e-10 -7.03956e-10]
[ 6.60720e-10 -7.03956e-10]
[ 6.60720e-10 -7.03956e-10]
[ 6.60720e-10 -7.03956e-10]
[ 6.60720e-10 -7.03956e-10]
[ 6.60720e-10 -7.03956e-10]
[ 6.60720e-10 -7.03956e-10]
[ 6.60720e-10 -7.03956e-10]
[ 6.60720e-10 -7.03956e-10]
[ 6.60719999e-10 -7.03955999e-10]
[ 6.60719999e-10 -7.03955999e-10]
[ 6.60719999e-10 -7.03955999e-10]
[ 6.60719998e-10 -7.03955998e-10]
[ 6.60719997e-10 -7.03955997e-10]
[ 6.60719996e-10 -7.03955996e-10]
[ 6.60719994e-10 -7.03955994e-10]
[ 6.60719991e-10 -7.03955991e-10]
[ 6.60719987e-10 -7.03955987e-10]
[ 6.60719981e-10 -7.03955981e-10]
[ 6.60719973e-10 -7.03955973e-10]
[ 6.60719961e-10 -7.03955961e-10]
[ 6.60719944e-10 -7.03955944e-10]
[ 6.60719919e-10 -7.03955919e-10]
[ 6.60719882e-10 -7.03955882e-10]
[ 6.60719829e-10 -7.03955829e-10]
[ 6.60719753e-10 -7.03955753e-10]
[ 6.60719642e-10 -7.03955642e-10]
[ 6.60719482e-10 -7.03955482e-10]
[ 6.60719251e-10 -7.03955250e-10]
[ 6.60718915e-10 -7.03954915e-10]
[ 6.60718429e-10 -7.03954429e-10]
[ 6.60717726e-10 -7.03953725e-10]
[ 6.60716708e-10 -7.03952706e-10]
[ 6.60714597e-10 -7.03951231e-10]
[ 6.60709547e-10 -7.03949095e-10]
[ 6.60691378e-10 -7.03946002e-10]
[ 6.60608960e-10 -7.03941523e-10]
[ 6.60199570e-10 -7.03935038e-10]
[ 6.58130715e-10 -7.03925646e-10]
[ 6.48081169e-10 -7.03912046e-10]
[ 6.07088253e-10 -7.03892351e-10]
[ 5.05936098e-10 -7.03863826e-10]
[ 3.94281265e-10 -7.03822512e-10]
[ 3.28103745e-10 -7.03762669e-10]
[ 2.93244197e-10 -7.03675983e-10]
[ 2.72625788e-10 -7.03550401e-10]
[ 2.60613687e-10 -7.03368452e-10]
[ 2.53286362e-10 -7.03104806e-10]
[ 2.48223042e-10 -7.02722730e-10]
[ 2.44375876e-10 -7.02168939e-10]
[ 2.41276316e-10 -7.01366124e-10]
[ 2.38643217e-10 -7.00202072e-10]
[ 2.36263289e-10 -6.98513856e-10]
[ 2.33948180e-10 -6.96064812e-10]
[ 2.31506579e-10 -6.92510995e-10]
[ 2.28717728e-10 -6.87352281e-10]
[ 2.25301312e-10 -6.79860979e-10]
[ 2.20879379e-10 -6.68977532e-10]
[ 2.14924452e-10 -6.53157906e-10]
[ 2.06686603e-10 -6.30149985e-10]
[ 1.95088874e-10 -5.96665412e-10]
[ 1.78576009e-10 -5.47897118e-10]
[ 1.54894567e-10 -4.76808551e-10]
[ 1.20772507e-10 -3.73084235e-10]
[ 7.14510782e-11 -2.21576464e-10]
[-1.05892322e-17 -4.06223229e-23]
[-1.03686549e-10  3.24499460e-10]
[-2.54364348e-10  8.00469677e-10]
[-4.73609128e-10  1.49983089e-09]
[-7.93016904e-10  2.52942592e-09]
[-1.25893623e-09  4.04846176e-09]
[-1.93948357e-09  6.29495833e-09]
[-2.93497450e-09  9.62603181e-09]
[-4.39348342e-09  1.45795288e-08]
[-6.53413280e-09  2.19687695e-08]
[-9.68208174e-09  3.30288827e-08]
[-1.43212976e-08  4.96439140e-08]
[-2.11744823e-08  7.47009959e-08]
[-3.13246559e-08  1.12645301e-07]
[-4.64009526e-08  1.70353677e-07]
[-6.88638732e-08  2.58516231e-07]
[-1.02445333e-07  3.93830744e-07]
[-1.52830794e-07  6.02502719e-07]
[-2.28721789e-07  9.25849919e-07]
