[1.49877103e-09 8.34025065e-07 1.83992875e-06 3.93126457e-06
 8.01868246e-06 1.54540745e-05 2.79843412e-05 4.75391978e-05
 7.58867816e-05 1.14269129e-04 1.63148430e-04 2.22141187e-04
 2.90133244e-04 3.65507595e-04 4.46401906e-04 5.30933085e-04
 6.17358484e-04 7.04170097e-04 7.90133317e-04 8.74286825e-04
 9.55919204e-04 1.03453426e-03 1.10981313e-03 1.18157790e-03
 1.24975940e-03 1.31436976e-03 1.37548018e-03 1.43320308e-03
 1.48767829e-03 1.53906252e-03 1.58752141e-03 1.63322375e-03
 1.67633725e-03 1.71702564e-03 1.75544670e-03 1.79175094e-03
 1.82608092e-03 1.85857087e-03 1.88934662e-03 1.91852570e-03
 1.94621764e-03 1.97252427e-03 1.99754012e-03 2.02135289e-03
 2.04404379e-03 2.06568809e-03 2.08635543e-03 2.10611031e-03
 2.12501244e-03 2.14311708e-03 2.16047545e-03 2.17713498e-03
 2.19313964e-03 2.20853020e-03 2.22334449e-03 2.23761762e-03
 2.25138223e-03 2.26466864e-03 2.27750504e-03 2.28991768e-03
 2.30193102e-03 2.31356782e-03 2.32484935e-03 2.33579542e-03
 2.34642456e-03 2.35675408e-03 2.36680016e-03 2.37657795e-03
 2.38610163e-03 2.39538450e-03 2.40443903e-03 2.41327692e-03
 2.42190914e-03 2.43034603e-03 2.43859729e-03 2.44667205e-03
 2.45457892e-03 2.46232598e-03 2.46992087e-03 2.47737080e-03
 2.48468257e-03 2.49186258e-03 2.49891690e-03 2.50585126e-03
 2.51267110e-03 2.51938153e-03 2.52598743e-03 2.53249339e-03
 2.53890378e-03 2.54522275e-03 2.55145421e-03 2.55760192e-03
 2.56366940e-03 2.56966002e-03 2.57557700e-03 2.58142338e-03
 2.58720205e-03 2.59291578e-03 2.59856720e-03 2.60415882e-03
 2.60969303e-03 2.61517211e-03 2.62059823e-03 2.62597348e-03
 2.63129984e-03 2.63657920e-03 2.64181338e-03 2.64700411e-03
 2.65215305e-03 2.65726178e-03 2.66233183e-03 2.66736465e-03
 2.67236164e-03 2.67732413e-03 2.68225340e-03 2.68715068e-03
 2.69201716e-03 2.69685396e-03 2.70166216e-03 2.70644282e-03
 2.71119693e-03]
[1.49819206e-09 1.89211586e-05 4.13176009e-05 8.66358686e-05
 1.71748198e-04 3.18080801e-04 5.46947054e-04 8.72826065e-04
 1.29825861e-03 1.81323254e-03 2.39871316e-03 3.03175353e-03
 3.68985398e-03 4.35362043e-03 5.00784197e-03 5.64151198e-03
 6.24730131e-03 6.82083565e-03 7.35997597e-03 7.86419301e-03
 8.33406403e-03 8.77088795e-03 9.17640180e-03 9.55257832e-03
 9.90148548e-03 1.02251920e-02 1.05257064e-02 1.08049392e-02
 1.10646825e-02 1.13065997e-02 1.15322240e-02 1.17429606e-02
 1.19400923e-02 1.21247876e-02 1.22981082e-02 1.24610178e-02
 1.26143908e-02 1.27590200e-02 1.28956241e-02 1.30248554e-02
 1.31473056e-02 1.32635120e-02 1.33739628e-02 1.34791022e-02
 1.35793345e-02 1.36750279e-02 1.37665186e-02 1.38541132e-02
 1.39380924e-02 1.40187126e-02 1.40962090e-02 1.41707973e-02
 1.42426754e-02 1.43120253e-02 1.43790144e-02 1.44437970e-02
 1.45065153e-02 1.45673005e-02 1.46262740e-02 1.46835480e-02
 1.47392265e-02 1.47934057e-02 1.48461750e-02 1.48976173e-02
 1.49478100e-02 1.49968246e-02 1.50447280e-02 1.50915827e-02
 1.51374465e-02 1.51823739e-02 1.52264156e-02 1.52696188e-02
 1.53120282e-02 1.53536852e-02 1.53946288e-02 1.54348955e-02
 1.54745198e-02 1.55135339e-02 1.55519681e-02 1.55898509e-02
 1.56272092e-02 1.56640683e-02 1.57004522e-02 1.57363832e-02
 1.57718827e-02 1.58069706e-02 1.58416661e-02 1.58759870e-02
 1.59099502e-02 1.59435720e-02 1.59768674e-02 1.60098509e-02
 1.60425362e-02 1.60749363e-02 1.61070635e-02 1.61389294e-02
 1.61705453e-02 1.62019216e-02 1.62330685e-02 1.62639955e-02
 1.62947117e-02 1.63252258e-02 1.63555461e-02 1.63856804e-02
 1.64156362e-02 1.64454208e-02 1.64750409e-02 1.65045031e-02
 1.65338136e-02 1.65629785e-02 1.65920033e-02 1.66208936e-02
 1.66496546e-02 1.66782912e-02 1.67068082e-02 1.67352103e-02
 1.67635017e-02 1.67916868e-02 1.68197694e-02 1.68477536e-02
 1.68756429e-02]
[1.48744084e-09 3.81709338e-04 7.70200956e-04 1.44232429e-03
 2.47905053e-03 3.90562828e-03 5.68257401e-03 7.72462595e-03
 9.92943195e-03 1.22002933e-02 1.44582458e-02 1.66455069e-02
 1.87239412e-02 2.06714314e-02 2.24778627e-02 2.41415335e-02
 2.56662764e-02 2.70593015e-02 2.83296616e-02 2.94872041e-02
 3.05418878e-02 3.15033576e-02 3.23806986e-02 3.31823103e-02
 3.39158592e-02 3.45882801e-02 3.52058067e-02 3.57740191e-02
 3.62978972e-02 3.67818782e-02 3.72299116e-02 3.76455116e-02
 3.80318057e-02 3.83915783e-02 3.87273108e-02 3.90412164e-02
 3.93352715e-02 3.96112433e-02 3.98707143e-02 4.01151032e-02
 4.03456844e-02 4.05636040e-02 4.07698942e-02 4.09654865e-02
 4.11512224e-02 4.13278636e-02 4.14961003e-02 4.16565592e-02
 4.18098100e-02 4.19563711e-02 4.20967155e-02 4.22312749e-02
 4.23604439e-02 4.24845840e-02 4.26040263e-02 4.27190751e-02
 4.28300097e-02 4.29370876e-02 4.30405455e-02 4.31406022e-02
 4.32374596e-02 4.33313045e-02 4.34223095e-02 4.35106350e-02
 4.35964294e-02 4.36798307e-02 4.37609672e-02 4.38399582e-02
 4.39169147e-02 4.39919405e-02 4.40651322e-02 4.41365802e-02
 4.42063687e-02 4.42745769e-02 4.43412786e-02 4.44065432e-02
 4.44704356e-02 4.45330170e-02 4.45943446e-02 4.46544723e-02
 4.47134509e-02 4.47713280e-02 4.48281487e-02 4.48839553e-02
 4.49387879e-02 4.49926843e-02 4.50456801e-02 4.50978092e-02
 4.51491033e-02 4.51995928e-02 4.52493062e-02 4.52982707e-02
 4.53465120e-02 4.53940544e-02 4.54409212e-02 4.54871344e-02
 4.55327148e-02 4.55776823e-02 4.56220559e-02 4.56658535e-02
 4.57090924e-02 4.57517888e-02 4.57939583e-02 4.58356158e-02
 4.58767754e-02 4.59174507e-02 4.59576547e-02 4.59973996e-02
 4.60366973e-02 4.60755590e-02 4.61139956e-02 4.61520174e-02
 4.61896343e-02 4.62268558e-02 4.62636909e-02 4.63001485e-02
 4.63362368e-02 4.63719639e-02 4.64073375e-02 4.64423649e-02
 4.64770533e-02]
[1.38975646e-09 4.36890239e-03 7.04309672e-03 1.04620666e-02
 1.45210083e-02 1.90274746e-02 2.37704178e-02 2.85582734e-02
 3.32382604e-02 3.77015244e-02 4.18795633e-02 4.57366361e-02
 4.92613099e-02 5.24588350e-02 5.53450081e-02 5.79415985e-02
 6.02731382e-02 6.23647895e-02 6.42410114e-02 6.59247879e-02
 6.74372371e-02 6.87974669e-02 7.00225838e-02 7.11277913e-02
 7.21265344e-02 7.30306652e-02 7.38506111e-02 7.45955377e-02
 7.52734995e-02 7.58915769e-02 7.64559990e-02 7.69722518e-02
 7.74451730e-02 7.78790358e-02 7.82776204e-02 7.86442771e-02
 7.89819802e-02 7.92933757e-02 7.95808216e-02 7.98464233e-02
 8.00920644e-02 8.03194330e-02 8.05300450e-02 8.07252643e-02
 8.09063201e-02 8.10743220e-02 8.12302739e-02 8.13750853e-02
 8.15095816e-02 8.16345132e-02 8.17505634e-02 8.18583552e-02
 8.19584579e-02 8.20513920e-02 8.21376346e-02 8.22176232e-02
 8.22917598e-02 8.23604142e-02 8.24239270e-02 8.24826126e-02
 8.25367610e-02 8.25866407e-02 8.26324999e-02 8.26745689e-02
 8.27130613e-02 8.27481756e-02 8.27800963e-02 8.28089951e-02
 8.28350323e-02 8.28583570e-02 8.28791087e-02 8.28974178e-02
 8.29134060e-02 8.29271876e-02 8.29388696e-02 8.29485522e-02
 8.29563297e-02 8.29622905e-02 8.29665178e-02 8.29690901e-02
 8.29700809e-02 8.29695599e-02 8.29675925e-02 8.29642407e-02
 8.29595629e-02 8.29536144e-02 8.29464473e-02 8.29381111e-02
 8.29286528e-02 8.29181165e-02 8.29065445e-02 8.28939766e-02
 8.28804508e-02 8.28660030e-02 8.28506675e-02 8.28344768e-02
 8.28174619e-02 8.27996523e-02 8.27810760e-02 8.27617599e-02
 8.27417294e-02 8.27210088e-02 8.26996215e-02 8.26775896e-02
 8.26549342e-02 8.26316757e-02 8.26078335e-02 8.25834260e-02
 8.25584710e-02 8.25329854e-02 8.25069856e-02 8.24804871e-02
 8.24535049e-02 8.24260533e-02 8.23981461e-02 8.23697964e-02
 8.23410169e-02 8.23118198e-02 8.22822169e-02 8.22522192e-02
 8.22218377e-02]
[1.17746987e-09 1.94764844e-02 2.64814257e-02 3.37116102e-02
 4.12558483e-02 4.88854583e-02 5.63741938e-02 6.35423317e-02
 7.02651796e-02 7.64690512e-02 8.21220191e-02 8.72233068e-02
 9.17934351e-02 9.58660823e-02 9.94819007e-02 1.02684134e-01
 1.05515710e-01 1.08017459e-01 1.10227128e-01 1.12178945e-01
 1.13903527e-01 1.15428008e-01 1.16776275e-01 1.17969271e-01
 1.19025303e-01 1.19960353e-01 1.20788365e-01 1.21521504e-01
 1.22170392e-01 1.22744313e-01 1.23251392e-01 1.23698751e-01
 1.24092645e-01 1.24438578e-01 1.24741400e-01 1.25005395e-01
 1.25234358e-01 1.25431651e-01 1.25600264e-01 1.25742860e-01
 1.25861815e-01 1.25959253e-01 1.26037079e-01 1.26097000e-01
 1.26140553e-01 1.26169122e-01 1.26183956e-01 1.26186186e-01
 1.26176833e-01 1.26156826e-01 1.26127008e-01 1.26088145e-01
 1.26040937e-01 1.25986021e-01 1.25923981e-01 1.25855350e-01
 1.25780617e-01 1.25700230e-01 1.25614601e-01 1.25524110e-01
 1.25429105e-01 1.25329908e-01 1.25226816e-01 1.25120102e-01
 1.25010021e-01 1.24896807e-01 1.24780678e-01 1.24661836e-01
 1.24540466e-01 1.24416745e-01 1.24290832e-01 1.24162879e-01
 1.24033026e-01 1.23901403e-01 1.23768132e-01 1.23633327e-01
 1.23497093e-01 1.23359530e-01 1.23220731e-01 1.23080783e-01
 1.22939766e-01 1.22797756e-01 1.22654826e-01 1.22511042e-01
 1.22366467e-01 1.22221159e-01 1.22075174e-01 1.21928564e-01
 1.21781377e-01 1.21633661e-01 1.21485457e-01 1.21336806e-01
 1.21187747e-01 1.21038316e-01 1.20888547e-01 1.20738471e-01
 1.20588119e-01 1.20437520e-01 1.20286700e-01 1.20135684e-01
 1.19984496e-01 1.19833159e-01 1.19681694e-01 1.19530122e-01
 1.19378460e-01 1.19226727e-01 1.19074940e-01 1.18923115e-01
 1.18771267e-01 1.18619410e-01 1.18467558e-01 1.18315723e-01
 1.18163917e-01 1.18012152e-01 1.17860439e-01 1.17708787e-01
 1.17557206e-01 1.17405706e-01 1.17254295e-01 1.17102981e-01
 1.16951771e-01]
[1.00590033e-09 4.51154508e-02 5.87923170e-02 6.96201845e-02
 8.00020714e-02 9.00084288e-02 9.95050161e-02 1.08364005e-01
 1.16500610e-01 1.23875615e-01 1.30487995e-01 1.36364901e-01
 1.41551994e-01 1.46105397e-01 1.50085592e-01 1.53553168e-01
 1.56566086e-01 1.59178106e-01 1.61438026e-01 1.63389471e-01
 1.65071030e-01 1.66516573e-01 1.67755683e-01 1.68814110e-01
 1.69714221e-01 1.70475429e-01 1.71114581e-01 1.71646300e-01
 1.72083294e-01 1.72436620e-01 1.72715912e-01 1.72929578e-01
 1.73084971e-01 1.73188535e-01 1.73245925e-01 1.73262115e-01
 1.73241493e-01 1.73187929e-01 1.73104854e-01 1.72995306e-01
 1.72861985e-01 1.72707296e-01 1.72533383e-01 1.72342161e-01
 1.72135343e-01 1.71914466e-01 1.71680909e-01 1.71435914e-01
 1.71180597e-01 1.70915966e-01 1.70642931e-01 1.70362316e-01
 1.70074866e-01 1.69781256e-01 1.69482100e-01 1.69177956e-01
 1.68869330e-01 1.68556685e-01 1.68240441e-01 1.67920983e-01
 1.67598661e-01 1.67273796e-01 1.66946680e-01 1.66617582e-01
 1.66286748e-01 1.65954402e-01 1.65620750e-01 1.65285984e-01
 1.64950274e-01 1.64613783e-01 1.64276655e-01 1.63939026e-01
 1.63601019e-01 1.63262748e-01 1.62924317e-01 1.62585823e-01
 1.62247354e-01 1.61908992e-01 1.61570810e-01 1.61232878e-01
 1.60895259e-01 1.60558010e-01 1.60221186e-01 1.59884834e-01
 1.59549001e-01 1.59213726e-01 1.58879048e-01 1.58545002e-01
 1.58211618e-01 1.57878926e-01 1.57546952e-01 1.57215719e-01
 1.56885251e-01 1.56555566e-01 1.56226683e-01 1.55898617e-01
 1.55571384e-01 1.55244996e-01 1.54919465e-01 1.54594802e-01
 1.54271016e-01 1.53948116e-01 1.53626107e-01 1.53304997e-01
 1.52984791e-01 1.52665493e-01 1.52347108e-01 1.52029638e-01
 1.51713085e-01 1.51397452e-01 1.51082740e-01 1.50768950e-01
 1.50456081e-01 1.50144134e-01 1.49833108e-01 1.49523003e-01
 1.49213816e-01 1.48905547e-01 1.48598193e-01 1.48291753e-01
 1.47986224e-01]
[9.03395279e-10 7.06769157e-02 9.81000729e-02 1.13302881e-01
 1.26171021e-01 1.37982218e-01 1.48890086e-01 1.58871850e-01
 1.67896322e-01 1.75959639e-01 1.83088392e-01 1.89333347e-01
 1.94761137e-01 1.99446661e-01 2.03467129e-01 2.06897877e-01
 2.09809712e-01 2.12267462e-01 2.14329373e-01 2.16047073e-01
 2.17465881e-01 2.18625307e-01 2.19559638e-01 2.20298538e-01
 2.20867626e-01 2.21289009e-01 2.21581763e-01 2.21762360e-01
 2.21845031e-01 2.21842092e-01 2.21764213e-01 2.21620658e-01
 2.21419479e-01 2.21167693e-01 2.20871422e-01 2.20536021e-01
 2.20166180e-01 2.19766015e-01 2.19339147e-01 2.18888765e-01
 2.18417682e-01 2.17928386e-01 2.17423077e-01 2.16903709e-01
 2.16372015e-01 2.15829536e-01 2.15277644e-01 2.14717563e-01
 2.14150384e-01 2.13577084e-01 2.12998534e-01 2.12415515e-01
 2.11828727e-01 2.11238797e-01 2.10646288e-01 2.10051704e-01
 2.09455500e-01 2.08858082e-01 2.08259817e-01 2.07661033e-01
 2.07062028e-01 2.06463066e-01 2.05864386e-01 2.05266203e-01
 2.04668709e-01 2.04072079e-01 2.03476466e-01 2.02882009e-01
 2.02288834e-01 2.01697050e-01 2.01106758e-01 2.00518046e-01
 1.99930992e-01 1.99345665e-01 1.98762128e-01 1.98180434e-01
 1.97600631e-01 1.97022761e-01 1.96446859e-01 1.95872957e-01
 1.95301081e-01 1.94731253e-01 1.94163492e-01 1.93597814e-01
 1.93034231e-01 1.92472753e-01 1.91913386e-01 1.91356135e-01
 1.90801004e-01 1.90247992e-01 1.89697101e-01 1.89148326e-01
 1.88601665e-01 1.88057114e-01 1.87514666e-01 1.86974315e-01
 1.86436053e-01 1.85899873e-01 1.85365765e-01 1.84833720e-01
 1.84303729e-01 1.83775781e-01 1.83249865e-01 1.82725972e-01
 1.82204089e-01 1.81684205e-01 1.81166310e-01 1.80650391e-01
 1.80136438e-01 1.79624439e-01 1.79114382e-01 1.78606255e-01
 1.78100049e-01 1.77595750e-01 1.77093349e-01 1.76592833e-01
 1.76094193e-01 1.75597417e-01 1.75102495e-01 1.74609416e-01
 1.74118171e-01]
[8.41911458e-10 8.80682553e-02 1.36765012e-01 1.59780616e-01
 1.75736677e-01 1.89227254e-01 2.01214855e-01 2.11932171e-01
 2.21452793e-01 2.29827139e-01 2.37116369e-01 2.43396981e-01
 2.48756641e-01 2.53288197e-01 2.57084368e-01 2.60233851e-01
 2.62818865e-01 2.64913881e-01 2.66585202e-01 2.67891131e-01
 2.68882466e-01 2.69603184e-01 2.70091190e-01 2.70379059e-01
 2.70494738e-01 2.70462189e-01 2.70301953e-01 2.70031648e-01
 2.69666397e-01 2.69219200e-01 2.68701243e-01 2.68122170e-01
 2.67490306e-01 2.66812852e-01 2.66096043e-01 2.65345293e-01
 2.64565306e-01 2.63760175e-01 2.62933473e-01 2.62088315e-01
 2.61227429e-01 2.60353199e-01 2.59467717e-01 2.58572819e-01
 2.57670116e-01 2.56761024e-01 2.55846790e-01 2.54928511e-01
 2.54007151e-01 2.53083562e-01 2.52158493e-01 2.51232605e-01
 2.50306477e-01 2.49380623e-01 2.48455492e-01 2.47531482e-01
 2.46608939e-01 2.45688169e-01 2.44769439e-01 2.43852983e-01
 2.42939006e-01 2.42027684e-01 2.41119173e-01 2.40213604e-01
 2.39311093e-01 2.38411737e-01 2.37515621e-01 2.36622815e-01
 2.35733378e-01 2.34847359e-01 2.33964799e-01 2.33085729e-01
 2.32210174e-01 2.31338155e-01 2.30469685e-01 2.29604773e-01
 2.28743425e-01 2.27885642e-01 2.27031423e-01 2.26180765e-01
 2.25333661e-01 2.24490105e-01 2.23650087e-01 2.22813598e-01
 2.21980627e-01 2.21151162e-01 2.20325191e-01 2.19502702e-01
 2.18683682e-01 2.17868120e-01 2.17056004e-01 2.16247321e-01
 2.15442060e-01 2.14640211e-01 2.13841763e-01 2.13046706e-01
 2.12255032e-01 2.11466731e-01 2.10681795e-01 2.09900219e-01
 2.09121995e-01 2.08347118e-01 2.07575582e-01 2.06807385e-01
 2.06042523e-01 2.05280992e-01 2.04522792e-01 2.03767920e-01
 2.03016376e-01 2.02268160e-01 2.01523273e-01 2.00781716e-01
 2.00043489e-01 1.99308596e-01 1.98577039e-01 1.97848821e-01
 1.97123945e-01 1.96402414e-01 1.95684233e-01 1.94969406e-01
 1.94257936e-01]
[8.02664800e-10 9.84672675e-02 1.67872796e-01 2.04178843e-01
 2.25262496e-01 2.40942048e-01 2.54007217e-01 2.65274747e-01
 2.75040307e-01 2.83456119e-01 2.90638998e-01 2.96700960e-01
 3.01755140e-01 3.05914025e-01 3.09286048e-01 3.11972646e-01
 3.14066374e-01 3.15650038e-01 3.16796609e-01 3.17569662e-01
 3.18024124e-01 3.18207168e-01 3.18159135e-01 3.17914435e-01
 3.17502370e-01 3.16947873e-01 3.16272159e-01 3.15493287e-01
 3.14626641e-01 3.13685341e-01 3.12680586e-01 3.11621953e-01
 3.10517638e-01 3.09374668e-01 3.08199076e-01 3.06996045e-01
 3.05770036e-01 3.04524893e-01 3.03263930e-01 3.01990007e-01
 3.00705595e-01 2.99412830e-01 2.98113556e-01 2.96809372e-01
 2.95501657e-01 2.94191606e-01 2.92880250e-01 2.91568483e-01
 2.90257072e-01 2.88946684e-01 2.87637890e-01 2.86331184e-01
 2.85026987e-01 2.83725663e-01 2.82427523e-01 2.81132832e-01
 2.79841817e-01 2.78554668e-01 2.77271551e-01 2.75992603e-01
 2.74717940e-01 2.73447662e-01 2.72181852e-01 2.70920580e-01
 2.69663907e-01 2.68411882e-01 2.67164551e-01 2.65921952e-01
 2.64684119e-01 2.63451084e-01 2.62222874e-01 2.60999519e-01
 2.59781046e-01 2.58567481e-01 2.57358853e-01 2.56155191e-01
 2.54956525e-01 2.53762888e-01 2.52574312e-01 2.51390835e-01
 2.50212495e-01 2.49039331e-01 2.47871386e-01 2.46708705e-01
 2.45551333e-01 2.44399321e-01 2.43252717e-01 2.42111573e-01
 2.40975943e-01 2.39845881e-01 2.38721442e-01 2.37602682e-01
 2.36489659e-01 2.35382428e-01 2.34281048e-01 2.33185574e-01
 2.32096063e-01 2.31012571e-01 2.29935153e-01 2.28863862e-01
 2.27798750e-01 2.26739869e-01 2.25687268e-01 2.24640995e-01
 2.23601093e-01 2.22567608e-01 2.21540580e-01 2.20520047e-01
 2.19506045e-01 2.18498608e-01 2.17497767e-01 2.16503550e-01
 2.15515982e-01 2.14535086e-01 2.13560881e-01 2.12593385e-01
 2.11632611e-01 2.10678571e-01 2.09731274e-01 2.08790724e-01
 2.07856926e-01]
[7.76023571e-10 1.04904717e-01 1.89392725e-01 2.42163805e-01
 2.71672552e-01 2.90848166e-01 3.05393927e-01 3.17256077e-01
 3.27164843e-01 3.35462251e-01 3.42360470e-01 3.48026014e-01
 3.52606683e-01 3.56238800e-01 3.59048013e-01 3.61148522e-01
 3.62642432e-01 3.63619691e-01 3.64158558e-01 3.64326470e-01
 3.64181111e-01 3.63771563e-01 3.63139429e-01 3.62319884e-01
 3.61342630e-01 3.60232724e-01 3.59011303e-01 3.57696200e-01
 3.56302471e-01 3.54842838e-01 3.53328053e-01 3.51767218e-01
 3.50168042e-01 3.48537059e-01 3.46879810e-01 3.45201001e-01
 3.43504623e-01 3.41794071e-01 3.40072224e-01 3.38341529e-01
 3.36604065e-01 3.34861596e-01 3.33115619e-01 3.31367403e-01
 3.29618024e-01 3.27868396e-01 3.26119291e-01 3.24371366e-01
 3.22625177e-01 3.20881200e-01 3.19139839e-01 3.17401445e-01
 3.15666318e-01 3.13934725e-01 3.12206901e-01 3.10483060e-01
 3.08763397e-01 3.07048098e-01 3.05337339e-01 3.03631294e-01
 3.01930136e-01 3.00234040e-01 2.98543182e-01 2.96857747e-01
 2.95177924e-01 2.93503909e-01 2.91835909e-01 2.90174134e-01
 2.88518804e-01 2.86870146e-01 2.85228392e-01 2.83593783e-01
 2.81966562e-01 2.80346976e-01 2.78735276e-01 2.77131713e-01
 2.75536539e-01 2.73950005e-01 2.72372359e-01 2.70803846e-01
 2.69244706e-01 2.67695173e-01 2.66155475e-01 2.64625831e-01
 2.63106452e-01 2.61597539e-01 2.60099283e-01 2.58611864e-01
 2.57135451e-01 2.55670202e-01 2.54216261e-01 2.52773762e-01
 2.51342826e-01 2.49923562e-01 2.48516066e-01 2.47120422e-01
 2.45736703e-01 2.44364970e-01 2.43005272e-01 2.41657648e-01
 2.40322126e-01 2.38998721e-01 2.37687443e-01 2.36388289e-01
 2.35101248e-01 2.33826299e-01 2.32563416e-01 2.31312562e-01
 2.30073695e-01 2.28846765e-01 2.27631716e-01 2.26428486e-01
 2.25237007e-01 2.24057206e-01 2.22889008e-01 2.21732329e-01
 2.20587083e-01 2.19453183e-01 2.18330534e-01 2.17219042e-01
 2.16118608e-01]
[7.56954208e-10 1.09167526e-01 2.03556495e-01 2.71493562e-01
 3.12370664e-01 3.37037002e-01 3.53917062e-01 3.66675070e-01
 3.76784682e-01 3.84914967e-01 3.91436204e-01 3.96599464e-01
 4.00601921e-01 4.03610747e-01 4.05771770e-01 4.07212737e-01
 4.08044930e-01 4.08364465e-01 4.08253659e-01 4.07782494e-01
 4.07010124e-01 4.05986326e-01 4.04752852e-01 4.03344647e-01
 4.01790915e-01 4.00116042e-01 3.98340381e-01 3.96480917e-01
 3.94551822e-01 3.92564924e-01 3.90530091e-01 3.88455558e-01
 3.86348193e-01 3.84213725e-01 3.82056928e-01 3.79881775e-01
 3.77691577e-01 3.75489084e-01 3.73276582e-01 3.71055973e-01
 3.68828838e-01 3.66596495e-01 3.64360047e-01 3.62120425e-01
 3.59878423e-01 3.57634726e-01 3.55389940e-01 3.53144613e-01
 3.50899255e-01 3.48654353e-01 3.46410389e-01 3.44167843e-01
 3.41927214e-01 3.39689015e-01 3.37453789e-01 3.35222104e-01
 3.32994561e-01 3.30771790e-01 3.28554452e-01 3.26343236e-01
 3.24138853e-01 3.21942039e-01 3.19753541e-01 3.17574119e-01
 3.15404537e-01 3.13245560e-01 3.11097944e-01 3.08962435e-01
 3.06839761e-01 3.04730628e-01 3.02635716e-01 3.00555675e-01
 2.98491120e-01 2.96442631e-01 2.94410749e-01 2.92395976e-01
 2.90398770e-01 2.88419550e-01 2.86458692e-01 2.84516530e-01
 2.82593358e-01 2.80689430e-01 2.78804961e-01 2.76940128e-01
 2.75095074e-01 2.73269906e-01 2.71464700e-01 2.69679502e-01
 2.67914330e-01 2.66169175e-01 2.64444002e-01 2.62738756e-01
 2.61053360e-01 2.59387717e-01 2.57741714e-01 2.56115221e-01
 2.54508094e-01 2.52920177e-01 2.51351302e-01 2.49801290e-01
 2.48269954e-01 2.46757098e-01 2.45262519e-01 2.43786010e-01
 2.42327357e-01 2.40886343e-01 2.39462746e-01 2.38056343e-01
 2.36666907e-01 2.35294211e-01 2.33938025e-01 2.32598121e-01
 2.31274268e-01 2.29966238e-01 2.28673802e-01 2.27396732e-01
 2.26134800e-01 2.24887783e-01 2.23655455e-01 2.22437596e-01
 2.21233986e-01]
[7.42384008e-10 1.12164348e-01 2.13073928e-01 2.92729031e-01
 3.45807738e-01 3.78007143e-01 3.98444524e-01 4.12656889e-01
 4.23187027e-01 4.31210734e-01 4.37343632e-01 4.41963789e-01
 4.45338678e-01 4.47676526e-01 4.49148001e-01 4.49896128e-01
 4.50041546e-01 4.49685932e-01 4.48914675e-01 4.47799182e-01
 4.46398935e-01 4.44763320e-01 4.42933225e-01 4.40942439e-01
 4.38818831e-01 4.36585359e-01 4.34260907e-01 4.31860987e-01
 4.29398323e-01 4.26883331e-01 4.24324525e-01 4.21728842e-01
 4.19101923e-01 4.16448341e-01 4.13771794e-01 4.11075268e-01
 4.08361173e-01 4.05631462e-01 4.02887731e-01 4.00131302e-01
 3.97363302e-01 3.94584723e-01 3.91796482e-01 3.88999466e-01
 3.86194571e-01 3.83382739e-01 3.80564980e-01 3.77742393e-01
 3.74916180e-01 3.72087653e-01 3.69258232e-01 3.66429445e-01
 3.63602914e-01 3.60780343e-01 3.57963504e-01 3.55154212e-01
 3.52354309e-01 3.49565641e-01 3.46790034e-01 3.44029281e-01
 3.41285115e-01 3.38559200e-01 3.35853111e-01 3.33168329e-01
 3.30506228e-01 3.27868068e-01 3.25254997e-01 3.22668043e-01
 3.20108118e-01 3.17576020e-01 3.15072437e-01 3.12597947e-01
 3.10153028e-01 3.07738064e-01 3.05353347e-01 3.02999086e-01
 3.00675417e-01 2.98382401e-01 2.96120039e-01 2.93888272e-01
 2.91686990e-01 2.89516036e-01 2.87375212e-01 2.85264282e-01
 2.83182981e-01 2.81131011e-01 2.79108055e-01 2.77113771e-01
 2.75147801e-01 2.73209772e-01 2.71299298e-01 2.69415984e-01
 2.67559427e-01 2.65729216e-01 2.63924938e-01 2.62146175e-01
 2.60392509e-01 2.58663521e-01 2.56958793e-01 2.55277908e-01
 2.53620450e-01 2.51986010e-01 2.50374178e-01 2.48784552e-01
 2.47216731e-01 2.45670322e-01 2.44144937e-01 2.42640190e-01
 2.41155706e-01 2.39691113e-01 2.38246045e-01 2.36820143e-01
 2.35413054e-01 2.34024433e-01 2.32653938e-01 2.31301237e-01
 2.29966002e-01 2.28647912e-01 2.27346653e-01 2.26061917e-01
 2.24793401e-01]
[7.26880352e-10 1.14374569e-01 2.19749957e-01 3.07853731e-01
 3.71916125e-01 4.12865944e-01 4.38170455e-01 4.54593185e-01
 4.65910572e-01 4.73989257e-01 4.79795469e-01 4.83888310e-01
 4.86632794e-01 4.88291769e-01 4.89067247e-01 4.89120328e-01
 4.88581857e-01 4.87558911e-01 4.86139297e-01 4.84394969e-01
 4.82384790e-01 4.80156803e-01 4.77750129e-01 4.75196539e-01
 4.72521763e-01 4.69746573e-01 4.66887671e-01 4.63958424e-01
 4.60969473e-01 4.57929229e-01 4.54844291e-01 4.51719789e-01
 4.48559683e-01 4.45367007e-01 4.42144084e-01 4.38892712e-01
 4.35614330e-01 4.32310161e-01 4.28981338e-01 4.25629015e-01
 4.22254464e-01 4.18859151e-01 4.15444798e-01 4.12013423e-01
 4.08567364e-01 4.05109279e-01 4.01642132e-01 3.98169162e-01
 3.94693832e-01 3.91219777e-01 3.87750734e-01 3.84290483e-01
 3.80842775e-01 3.77411272e-01 3.73999497e-01 3.70610785e-01
 3.67248249e-01 3.63914751e-01 3.60612888e-01 3.57344981e-01
 3.54113077e-01 3.50918948e-01 3.47764108e-01 3.44649819e-01
 3.41577111e-01 3.38546796e-01 3.35559490e-01 3.32615625e-01
 3.29715475e-01 3.26859164e-01 3.24046690e-01 3.21277937e-01
 3.18552689e-01 3.15870642e-01 3.13231419e-01 3.10634580e-01
 3.08079630e-01 3.05566027e-01 3.03093193e-01 3.00660519e-01
 2.98267371e-01 2.95913095e-01 2.93597023e-01 2.91318476e-01
 2.89076768e-01 2.86871210e-01 2.84701109e-01 2.82565778e-01
 2.80464528e-01 2.78396679e-01 2.76361554e-01 2.74358486e-01
 2.72386816e-01 2.70445894e-01 2.68535080e-01 2.66653745e-01
 2.64801271e-01 2.62977053e-01 2.61180496e-01 2.59411017e-01
 2.57668047e-01 2.55951026e-01 2.54259410e-01 2.52592663e-01
 2.50950265e-01 2.49331706e-01 2.47736487e-01 2.46164122e-01
 2.44614136e-01 2.43086066e-01 2.41579459e-01 2.40093875e-01
 2.38628881e-01 2.37184059e-01 2.35758997e-01 2.34353296e-01
 2.32966566e-01 2.31598427e-01 2.30248506e-01 2.28916442e-01
 2.27601883e-01]
[6.63559323e-10 1.16068324e-01 2.24639323e-01 3.18785141e-01
 3.91767385e-01 4.41495930e-01 4.72670424e-01 4.92121234e-01
 5.04697830e-01 5.13076713e-01 5.18679669e-01 5.22308033e-01
 5.24456823e-01 5.25460181e-01 5.25559773e-01 5.24938665e-01
 5.23739466e-01 5.22074994e-01 5.20035179e-01 5.17691926e-01
 5.15102736e-01 5.12313519e-01 5.09360812e-01 5.06273565e-01
 5.03074571e-01 4.99781622e-01 4.96408461e-01 4.92965544e-01
 4.89460681e-01 4.85899566e-01 4.82286230e-01 4.78623431e-01
 4.74913000e-01 4.71156151e-01 4.67353763e-01 4.63506646e-01
 4.59615764e-01 4.55682453e-01 4.51708585e-01 4.47696702e-01
 4.43650098e-01 4.39572847e-01 4.35469780e-01 4.31346406e-01
 4.27208796e-01 4.23063426e-01 4.18917012e-01 4.14776336e-01
 4.10648081e-01 4.06538683e-01 4.02454220e-01 3.98400310e-01
 3.94382060e-01 3.90404024e-01 3.86470192e-01 3.82584001e-01
 3.78748351e-01 3.74965636e-01 3.71237788e-01 3.67566310e-01
 3.63952324e-01 3.60396610e-01 3.56899649e-01 3.53461659e-01
 3.50082630e-01 3.46762358e-01 3.43500471e-01 3.40296456e-01
 3.37149684e-01 3.34059427e-01 3.31024876e-01 3.28045159e-01
 3.25119351e-01 3.22246489e-01 3.19425577e-01 3.16655602e-01
 3.13935532e-01 3.11264332e-01 3.08640961e-01 3.06064383e-01
 3.03533564e-01 3.01047482e-01 2.98605125e-01 2.96205496e-01
 2.93847612e-01 2.91530506e-01 2.89253233e-01 2.87014862e-01
 2.84814484e-01 2.82651209e-01 2.80524168e-01 2.78432512e-01
 2.76375411e-01 2.74352058e-01 2.72361665e-01 2.70403463e-01
 2.68476704e-01 2.66580660e-01 2.64714622e-01 2.62877897e-01
 2.61069816e-01 2.59289723e-01 2.57536983e-01 2.55810976e-01
 2.54111101e-01 2.52436771e-01 2.50787417e-01 2.49162485e-01
 2.47561435e-01 2.45983745e-01 2.44428902e-01 2.42896412e-01
 2.41385792e-01 2.39896572e-01 2.38428296e-01 2.36980519e-01
 2.35552809e-01 2.34144745e-01 2.32755918e-01 2.31385928e-01
 2.30034388e-01]
[-7.23478283e-24  1.17407482e-01  2.28357545e-01  3.26902183e-01
  4.06804138e-01  4.64462924e-01  5.01939217e-01  5.25120454e-01
  5.39464288e-01  5.48444395e-01  5.54014646e-01  5.57278122e-01
  5.58894839e-01  5.59289166e-01  5.58752259e-01  5.57494051e-01
  5.55671171e-01  5.53403017e-01  5.50781738e-01  5.47878880e-01
  5.44750068e-01  5.41438442e-01  5.37977252e-01  5.34391870e-01
  5.30701347e-01  5.26919667e-01  5.23056746e-01  5.19119259e-01
  5.15111337e-01  5.11035172e-01  5.06891571e-01  5.02680462e-01
  4.98401389e-01  4.94053976e-01  4.89638371e-01  4.85155643e-01
  4.80608109e-01  4.75999571e-01  4.71335430e-01  4.66622665e-01
  4.61869683e-01  4.57086059e-01  4.52282187e-01  4.47468903e-01
  4.42657102e-01  4.37857399e-01  4.33079842e-01  4.28333702e-01
  4.23627338e-01  4.18968120e-01  4.14362413e-01  4.09815601e-01
  4.05332137e-01  4.00915618e-01  3.96568864e-01  3.92294004e-01
  3.88092560e-01  3.83965527e-01  3.79913447e-01  3.75936473e-01
  3.72034437e-01  3.68206894e-01  3.64453175e-01  3.60772423e-01
  3.57163631e-01  3.53625673e-01  3.50157323e-01  3.46757284e-01
  3.43424204e-01  3.40156691e-01  3.36953325e-01  3.33812674e-01
  3.30733297e-01  3.27713756e-01  3.24752620e-01  3.21848472e-01
  3.18999912e-01  3.16205561e-01  3.13464065e-01  3.10774094e-01
  3.08134345e-01  3.05543545e-01  3.03000451e-01  3.00503850e-01
  2.98052558e-01  2.95645422e-01  2.93281322e-01  2.90959166e-01
  2.88677893e-01  2.86436471e-01  2.84233899e-01  2.82069203e-01
  2.79941437e-01  2.77849684e-01  2.75793053e-01  2.73770680e-01
  2.71781723e-01  2.69825371e-01  2.67900831e-01  2.66007337e-01
  2.64144144e-01  2.62310531e-01  2.60505797e-01  2.58729260e-01
  2.56980262e-01  2.55258161e-01  2.53562335e-01  2.51892181e-01
  2.50247113e-01  2.48626561e-01  2.47029972e-01  2.45456811e-01
  2.43906556e-01  2.42378700e-01  2.40872751e-01  2.39388232e-01
  2.37924678e-01  2.36481637e-01  2.35058671e-01  2.33655353e-01
  2.32271269e-01]
[-7.91133371e-09  1.18494166e-01  2.31276488e-01  3.33108020e-01
  4.18317774e-01  4.82700459e-01  5.26343532e-01  5.53701319e-01
  5.70274653e-01  5.80176207e-01  5.85913581e-01  5.88937707e-01
  5.90106868e-01  5.89955325e-01  5.88834531e-01  5.86986994e-01
  5.84586237e-01  5.81759560e-01  5.78601804e-01  5.75184156e-01
  5.71560087e-01  5.67769511e-01  5.63841813e-01  5.59798094e-01
  5.55652890e-01  5.51415517e-01  5.47091154e-01  5.42681777e-01
  5.38186978e-01  5.33604753e-01  5.28932282e-01  5.24166713e-01
  5.19305949e-01  5.14349404e-01  5.09298650e-01  5.04157897e-01
  4.98934227e-01  4.93637543e-01  4.88280231e-01  4.82876592e-01
  4.77442140e-01  4.71992857e-01  4.66544507e-01  4.61112069e-01
  4.55709332e-01  4.50348626e-01  4.45040710e-01  4.39794747e-01
  4.34618366e-01  4.29517772e-01  4.24497881e-01  4.19562468e-01
  4.14714310e-01  4.09955329e-01  4.05286716e-01  4.00709050e-01
  3.96222396e-01  3.91826393e-01  3.87520334e-01  3.83303227e-01
  3.79173852e-01  3.75130808e-01  3.71172553e-01  3.67297438e-01
  3.63503731e-01  3.59789647e-01  3.56153361e-01  3.52593027e-01
  3.49106794e-01  3.45692810e-01  3.42349238e-01  3.39074258e-01
  3.35866077e-01  3.32722930e-01  3.29643087e-01  3.26624852e-01
  3.23666569e-01  3.20766622e-01  3.17923434e-01  3.15135472e-01
  3.12401241e-01  3.09719292e-01  3.07088214e-01  3.04506639e-01
  3.01973238e-01  2.99486725e-01  2.97045848e-01  2.94649399e-01
  2.92296203e-01  2.89985123e-01  2.87715057e-01  2.85484938e-01
  2.83293732e-01  2.81140438e-01  2.79024086e-01  2.76943736e-01
  2.74898478e-01  2.72887430e-01  2.70909739e-01  2.68964577e-01
  2.67051142e-01  2.65168658e-01  2.63316373e-01  2.61493556e-01
  2.59699500e-01  2.57933521e-01  2.56194954e-01  2.54483154e-01
  2.52797497e-01  2.51137376e-01  2.49502204e-01  2.47891409e-01
  2.46304439e-01  2.44740757e-01  2.43199840e-01  2.41681182e-01
  2.40184293e-01  2.38708694e-01  2.37253921e-01  2.35819525e-01
  2.34405067e-01]
[-1.03300944e-07  1.19395577e-01  2.33630228e-01  3.37984543e-01
  4.27291167e-01  4.97195300e-01  5.46490157e-01  5.78168128e-01
  5.97318566e-01  6.08441697e-01  6.14555393e-01  6.17480557e-01
  6.18300241e-01  6.17676916e-01  6.16033284e-01  6.13650594e-01
  6.10722613e-01  6.07386297e-01  6.03740015e-01  5.99854904e-01
  5.95782255e-01  5.91558515e-01  5.87208776e-01  5.82749303e-01
  5.78189410e-01  5.73532930e-01  5.68779448e-01  5.63925401e-01
  5.58965181e-01  5.53892275e-01  5.48700495e-01  5.43385250e-01
  5.37944769e-01  5.32381118e-01  5.26700844e-01  5.20915097e-01
  5.15039209e-01  5.09091789e-01  5.03093538e-01  4.97065989e-01
  4.91030368e-01  4.85006695e-01  4.79013175e-01  4.73065854e-01
  4.67178504e-01  4.61362656e-01  4.55627743e-01  4.49981298e-01
  4.44429174e-01  4.38975767e-01  4.33624225e-01  4.28376644e-01
  4.23234237e-01  4.18197485e-01  4.13266265e-01  4.08439961e-01
  4.03717559e-01  3.99097723e-01  3.94578864e-01  3.90159193e-01
  3.85836771e-01  3.81609546e-01  3.77475383e-01  3.73432094e-01
  3.69477458e-01  3.65609240e-01  3.61825205e-01  3.58123132e-01
  3.54500820e-01  3.50956100e-01  3.47486838e-01  3.44090942e-01
  3.40766365e-01  3.37511106e-01  3.34323217e-01  3.31200797e-01
  3.28141999e-01  3.25145029e-01  3.22208143e-01  3.19329650e-01
  3.16507910e-01  3.13741335e-01  3.11028384e-01  3.08367567e-01
  3.05757440e-01  3.03196606e-01  3.00683713e-01  2.98217453e-01
  2.95796560e-01  2.93419811e-01  2.91086021e-01  2.88794045e-01
  2.86542773e-01  2.84331136e-01  2.82158094e-01  2.80022646e-01
  2.77923821e-01  2.75860678e-01  2.73832310e-01  2.71837837e-01
  2.69876406e-01  2.67947195e-01  2.66049404e-01  2.64182261e-01
  2.62345018e-01  2.60536948e-01  2.58757351e-01  2.57005546e-01
  2.55280872e-01  2.53582691e-01  2.51910382e-01  2.50263346e-01
  2.48640998e-01  2.47042775e-01  2.45468127e-01  2.43916523e-01
  2.42387446e-01  2.40880395e-01  2.39394883e-01  2.37930438e-01
  2.36486602e-01]
[-1.25654879e-06  1.20157454e-01  2.35571884e-01  3.41911556e-01
  4.34424810e-01  5.08809883e-01  5.63072827e-01  5.98955872e-01
  6.20881250e-01  6.33472656e-01  6.40161584e-01  6.43131992e-01
  6.43707096e-01  6.42692316e-01  6.40591652e-01  6.37731252e-01
  6.34328752e-01  6.30532843e-01  6.26446589e-01  6.22141681e-01
  6.17667480e-01  6.13056949e-01  6.08330677e-01  6.03499692e-01
  5.98567538e-01  5.93531914e-01  5.88386125e-01  5.83120525e-01
  5.77724093e-01  5.72186210e-01  5.66498578e-01  5.60657106e-01
  5.54663455e-01  5.48525901e-01  5.42259301e-01  5.35884142e-01
  5.29424920e-01  5.22908236e-01  5.16360985e-01  5.09808896e-01
  5.03275532e-01  4.96781726e-01  4.90345376e-01  4.83981475e-01
  4.77702305e-01  4.71517702e-01  4.65435355e-01  4.59461097e-01
  4.53599185e-01  4.47852546e-01  4.42222998e-01  4.36711439e-01
  4.31318009e-01  4.26042229e-01  4.20883117e-01  4.15839288e-01
  4.10909033e-01  4.06090393e-01  4.01381213e-01  3.96779189e-01
  3.92281914e-01  3.87886905e-01  3.83591633e-01  3.79393547e-01
  3.75290088e-01  3.71278711e-01  3.67356890e-01  3.63522133e-01
  3.59771988e-01  3.56104050e-01  3.52515964e-01  3.49005430e-01
  3.45570206e-01  3.42208109e-01  3.38917015e-01  3.35694864e-01
  3.32539653e-01  3.29449442e-01  3.26422350e-01  3.23456557e-01
  3.20550299e-01  3.17701870e-01  3.14909620e-01  3.12171953e-01
  3.09487326e-01  3.06854246e-01  3.04271271e-01  3.01737008e-01
  2.99250110e-01  2.96809275e-01  2.94413244e-01  2.92060802e-01
  2.89750774e-01  2.87482022e-01  2.85253450e-01  2.83063996e-01
  2.80912633e-01  2.78798369e-01  2.76720244e-01  2.74677330e-01
  2.72668730e-01  2.70693573e-01  2.68751020e-01  2.66840257e-01
  2.64960497e-01  2.63110978e-01  2.61290960e-01  2.59499730e-01
  2.57736595e-01  2.56000883e-01  2.54291946e-01  2.52609153e-01
  2.50951894e-01  2.49319576e-01  2.47711625e-01  2.46127485e-01
  2.44566616e-01  2.43028493e-01  2.41512607e-01  2.40018466e-01
  2.38545591e-01]
[-1.52270735e-05  1.20811215e-01  2.37205025e-01  3.45142718e-01
  4.40207938e-01  5.18229524e-01  5.76757285e-01  6.16558504e-01
  6.41309308e-01  6.55541968e-01  6.62978233e-01  6.66131682e-01
  6.66567741e-01  6.65244089e-01  6.62754122e-01  6.59474502e-01
  6.55650346e-01  6.51444357e-01  6.46965714e-01  6.42287538e-01
  6.37457772e-01  6.32506147e-01  6.27448771e-01  6.22291287e-01
  6.17031161e-01  6.11659572e-01  6.06163213e-01  6.00526278e-01
  5.94732797e-01  5.88769295e-01  5.82627524e-01  5.76306760e-01
  5.69815098e-01  5.63169361e-01  5.56393654e-01  5.49517004e-01
  5.42570743e-01  5.35586170e-01  5.28592816e-01  5.21617368e-01
  5.14683152e-01  5.07810022e-01  5.01014507e-01  4.94310091e-01
  4.87707556e-01  4.81215333e-01  4.74839836e-01  4.68585771e-01
  4.62456399e-01  4.56453779e-01  4.50578965e-01  4.44832184e-01
  4.39212980e-01  4.33720343e-01  4.28352812e-01  4.23108566e-01
  4.17985500e-01  4.12981287e-01  4.08093432e-01  4.03319314e-01
  3.98656227e-01  3.94101409e-01  3.89652066e-01  3.85305398e-01
  3.81058608e-01  3.76908925e-01  3.72853610e-01  3.68889968e-01
  3.65015351e-01  3.61227170e-01  3.57522893e-01  3.53900052e-01
  3.50356245e-01  3.46889135e-01  3.43496454e-01  3.40176000e-01
  3.36925638e-01  3.33743302e-01  3.30626989e-01  3.27574763e-01
  3.24584750e-01  3.21655139e-01  3.18784179e-01  3.15970177e-01
  3.13211499e-01  3.10506565e-01  3.07853849e-01  3.05251877e-01
  3.02699225e-01  3.00194519e-01  2.97736431e-01  2.95323678e-01
  2.92955020e-01  2.90629260e-01  2.88345242e-01  2.86101848e-01
  2.83897999e-01  2.81732650e-01  2.79604792e-01  2.77513451e-01
  2.75457683e-01  2.73436576e-01  2.71449249e-01  2.69494847e-01
  2.67572546e-01  2.65681547e-01  2.63821076e-01  2.61990384e-01
  2.60188748e-01  2.58415464e-01  2.56669854e-01  2.54951259e-01
  2.53259040e-01  2.51592579e-01  2.49951277e-01  2.48334552e-01
  2.46741840e-01  2.45172596e-01  2.43626288e-01  2.42102402e-01
  2.40600438e-01]
[-1.83902198e-04  1.21371128e-01  2.38601138e-01  3.47851644e-01
  4.44982639e-01  5.25974185e-01  5.88121949e-01  6.31468380e-01
  6.58976069e-01  6.74944244e-01  6.83262183e-01  6.86721577e-01
  6.87119286e-01  6.85568145e-01  6.82756268e-01  6.79115369e-01
  6.74921351e-01  6.70353219e-01  6.65527843e-01  6.60520875e-01
  6.55379594e-01  6.50131000e-01  6.44787031e-01  6.39348070e-01
  6.33805522e-01  6.28144031e-01  6.22343801e-01  6.16383365e-01
  6.10242922e-01  6.03907990e-01  5.97372713e-01  5.90641953e-01
  5.83731505e-01  5.76666407e-01  5.69477998e-01  5.62200632e-01
  5.54868828e-01  5.47515225e-01  5.40169366e-01  5.32857155e-01
  5.25600757e-01  5.18418769e-01  5.11326529e-01  5.04336475e-01
  4.97458508e-01  4.90700336e-01  4.84067791e-01  4.77565106e-01
  4.71195158e-01  4.64959686e-01  4.58859473e-01  4.52894507e-01
  4.47064117e-01  4.41367092e-01  4.35801781e-01  4.30366176e-01
  4.25057991e-01  4.19874717e-01  4.14813679e-01  4.09872081e-01
  4.05047038e-01  4.00335612e-01  3.95734835e-01  3.91241732e-01
  3.86853339e-01  3.82566717e-01  3.78378964e-01  3.74287222e-01
  3.70288690e-01  3.66380625e-01  3.62560347e-01  3.58825246e-01
  3.55172780e-01  3.51600478e-01  3.48105940e-01  3.44686841e-01
  3.41340925e-01  3.38066009e-01  3.34859978e-01  3.31720788e-01
  3.28646462e-01  3.25635090e-01  3.22684824e-01  3.19793881e-01
  3.16960537e-01  3.14183129e-01  3.11460050e-01  3.08789749e-01
  3.06170727e-01  3.03601537e-01  3.01080785e-01  2.98607120e-01
  2.96179242e-01  2.93795892e-01  2.91455856e-01  2.89157961e-01
  2.86901075e-01  2.84684101e-01  2.82505983e-01  2.80365699e-01
  2.78262259e-01  2.76194710e-01  2.74162128e-01  2.72163619e-01
  2.70198320e-01  2.68265395e-01  2.66364036e-01  2.64493461e-01
  2.62652912e-01  2.60841656e-01  2.59058983e-01  2.57304206e-01
  2.55576660e-01  2.53875698e-01  2.52200695e-01  2.50551046e-01
  2.48926164e-01  2.47325477e-01  2.45748436e-01  2.44194502e-01
  2.42663157e-01]
[-0.00208323  0.12174153  0.23980155  0.35015849  0.44899034  0.53243073
  0.59764119  0.64413697  0.67425195  0.6919787   0.70127041  0.70513786
  0.70558857  0.70388715  0.70081854  0.69687255  0.69235859  0.68747407
  0.68234519  0.67705135  0.67164013  0.66613654  0.66054892  0.65487284
  0.64909401  0.64319092  0.63713789  0.63090878  0.62448145  0.6178422
  0.61098906  0.60393295  0.59669621  0.58930946  0.58180773  0.57422715
  0.56660249  0.55896569  0.5513452   0.54376573  0.53624843  0.52881111
  0.52146855  0.51423285  0.50711374  0.50011891  0.49325422  0.486524
  0.47993127  0.47347788  0.46716474  0.46099195  0.45495891  0.44906448
  0.44330703  0.43768456  0.43219478  0.42683513  0.42160289  0.41649519
  0.41150906  0.40664146  0.40188932  0.39724955  0.39271907  0.38829481
  0.38397375  0.37975289  0.37562932  0.37160015  0.36766258  0.36381387
  0.36005136  0.35637245  0.35277462  0.34925543  0.34581252  0.34244359
  0.33914641  0.33591885  0.33275881  0.32966431  0.32663339  0.32366418
  0.32075487  0.31790372  0.31510904  0.3123692   0.30968263  0.30704781
  0.30446327  0.3019276   0.29943945  0.29699747  0.29460042  0.29224705
  0.28993618  0.28766666  0.2854374   0.2832473   0.28109535  0.27898055
  0.27690192  0.27485853  0.27284949  0.27087392  0.26893097  0.26701984
  0.26513972  0.26328985  0.26146949  0.25967793  0.25791447  0.25617845
  0.25446919  0.25278609  0.25112852  0.24949589  0.24788762  0.24630317
  0.24474198]
[-0.01517941  0.12057671  0.2406911   0.35212221  0.45239737  0.53788387
  0.60569118  0.6549561   0.68748327  0.70693516  0.71725188  0.72160574
  0.72218825  0.72040717  0.71714317  0.71294556  0.70815913  0.70300148
  0.69760964  0.69206809  0.68642577  0.68070665  0.67491628  0.66904616
  0.66307698  0.65698186  0.65073019  0.64429238  0.63764531  0.6307771
  0.6236897   0.61639859  0.60892989  0.60131628  0.59359322  0.58579603
  0.57795808  0.57010983  0.56227844  0.55448773  0.54675834  0.53910789
  0.53155127  0.52410092  0.516767    0.50955773  0.50247955  0.49553734
  0.48873466  0.48207384  0.47555626  0.46918238  0.46295195  0.45686408
  0.45091739  0.44511003  0.43943983  0.43390433  0.42850086  0.42322657
  0.41807847  0.4130535   0.40814854  0.40336045  0.39868604  0.39412218
  0.38966575  0.38531364  0.38106283  0.37691034  0.37285323  0.36888867
  0.36501388  0.36122614  0.35752283  0.35390139  0.35035935  0.34689431
  0.34350394  0.34018599  0.33693829  0.33375874  0.33064531  0.32759602
  0.32460899  0.32168239  0.31881444  0.31600344  0.31324775  0.31054577
  0.30789598  0.30529688  0.30274705  0.30024512  0.29778974  0.29537963
  0.29301356  0.29069031  0.28840875  0.28616773  0.2839662   0.28180309
  0.2796774   0.27758817  0.27553444  0.2735153   0.27152988  0.26957731
  0.26765679  0.2657675   0.26390868  0.26207957  0.26027947  0.25850766
  0.25676346  0.25504623  0.25335532  0.25169011  0.25005001  0.24843444
  0.24684284]
[-0.04824764  0.1089772   0.23930138  0.35335183  0.45521215  0.54251423
  0.6125567   0.66425122  0.69897918  0.7200836   0.73144126  0.73633606
  0.73711487  0.73531641  0.73191328  0.72751399  0.72249965  0.7171094
  0.71149243  0.7057395   0.6999021   0.69400422  0.68804963  0.68202669
  0.67591207  0.66967453  0.6632796   0.6566954   0.64989863  0.64287914
  0.63564143  0.62820294  0.62059035  0.61283545  0.60497181  0.59703249
  0.5890488   0.58104954  0.57306081  0.56510594  0.55720552  0.54937754
  0.54163752  0.53399872  0.52647223  0.51906725  0.51179118  0.50464985
  0.49764768  0.49078782  0.48407235  0.47750238  0.47107819  0.46479938
  0.45866492  0.45267332  0.44682266  0.44111067  0.43553483  0.43009239
  0.42478044  0.41959595  0.41453581  0.40959684  0.40477585  0.40006964
  0.395475    0.39098879  0.38660786  0.38232915  0.37814964  0.37406638
  0.37007649  0.36617715  0.36236562  0.35863926  0.35499548  0.35143177
  0.34794572  0.34453496  0.34119724  0.33793034  0.33473216  0.33160063
  0.32853377  0.32552967  0.32258648  0.31970241  0.31687574  0.31410481
  0.31138802  0.3087238   0.30611068  0.30354719  0.30103197  0.29856364
  0.29614093  0.29376258  0.29142737  0.28913414  0.28688176  0.28466914
  0.28249522  0.28035899  0.27825947  0.2761957   0.27416677  0.27217178
  0.27020988  0.26828023  0.26638203  0.26451451  0.2626769   0.26086848
  0.25908854  0.2573364   0.25561139  0.25391288  0.25224024  0.25059287
  0.24897018]
[-0.0915363   0.07895173  0.22629843  0.34950922  0.45593734  0.54599963
  0.61832591  0.67224842  0.70899425  0.73166309  0.74405273  0.74952233
  0.75054777  0.7487851   0.74529318  0.74073802  0.73553713  0.72995196
  0.72414491  0.71821418  0.71221493  0.7061723   0.70008939  0.69395255
  0.68773552  0.68140379  0.67492012  0.66825103  0.66137309  0.65427683
  0.64696716  0.63946077  0.63178227  0.62396048  0.61602577  0.60800831
  0.59993705  0.59183925  0.58374015  0.57566284  0.56762822  0.55965497
  0.5517596   0.54395654  0.53625815  0.52867493  0.52121558  0.51388717
  0.50669527  0.49964412  0.49273675  0.48597512  0.47936028  0.47289246
  0.46657122  0.4603955   0.45436378  0.44847412  0.44272422  0.43711155
  0.43163333  0.42628663  0.42106841  0.41597552  0.41100477  0.40615293
  0.40141678  0.39679311  0.39227872  0.38787046  0.38356523  0.37935999
  0.37525177  0.37123765  0.36731481  0.36348048  0.35973198  0.35606671
  0.35248214  0.34897582  0.3455454   0.34218857  0.33890312  0.3356869
  0.33253785  0.32945396  0.3264333   0.323474    0.32057428  0.31773238
  0.31494663  0.31221541  0.30953716  0.30691036  0.30433358  0.30180539
  0.29932444  0.29688943  0.29449909  0.29215219  0.28984757  0.28758408
  0.28536062  0.28317614  0.2810296   0.27892001  0.27684642  0.27480789
  0.27280354  0.27083249  0.2688939   0.26698698  0.26511092  0.26326497
  0.2614484   0.25966049  0.25790056  0.25616793  0.25446196  0.25278203
  0.25112751]
