[0.00030712 0.00082597 0.0020039  0.00417343 0.00735069 0.01121691
 0.01540256 0.01967932 0.02396031 0.02821615 0.03240271 0.0364329
 0.04018547 0.04353697 0.04640124 0.04875484 0.05063387 0.05210971
 0.05326284 0.0541664  0.05487998 0.05544943 0.05590913 0.05628458
 0.05659478 0.05685392 0.05707272 0.05725934 0.05742009 0.05755989
 0.05768259 0.05779127 0.05788837 0.05797588 0.0580554  0.05812824
 0.05819548 0.058258   0.05831653 0.05837167 0.05842392 0.05847369
 0.05852134 0.05856714 0.05861132 0.0586541  0.05869562 0.05873602
 0.05877541 0.05881388 0.0588515  0.05888833 0.05892443 0.05895982
 0.05899455 0.05902863 0.05906209 0.05909494 0.05912719 0.05915886
 0.05918996 0.05922048 0.05925045 0.05927986 0.05930871 0.05933702
 0.05936479 0.05939202 0.05941873 0.05944491 0.05947057 0.05949572
 0.05952036 0.05954451 0.05956817 0.05959134 0.05961405 0.05963628
 0.05965807 0.0596794  0.05970029 0.05972076 0.0597408  0.05976044
 0.05977967 0.05979851 0.05981697 0.05983505 0.05985277 0.05987013
 0.05988715]
[0.00526121 0.00877025 0.01283813 0.01714789 0.02155638 0.02604919
 0.03065478 0.03538994 0.04024352 0.0451801  0.05014843 0.05508855
 0.05993668 0.06462853 0.06910222 0.0733015  0.07717951 0.08070264
 0.08385337 0.08663111 0.08905066 0.09113859 0.0929287  0.09445769
 0.09576183 0.09687476 0.09782643 0.09864274 0.09934569 0.09995372
 0.1004822  0.1009439  0.10134936 0.10170736 0.10202517 0.10230884
 0.1025634  0.10279308 0.10300142 0.10319138 0.10336548 0.10352583
 0.10367422 0.10381218 0.103941   0.1040618  0.1041755  0.10428292
 0.10438475 0.10448158 0.10457393 0.10466222 0.10474684 0.10482811
 0.10490632 0.1049817  0.10505448 0.10512484 0.10519293 0.1052589
 0.10532287 0.10538495 0.10544524 0.10550383 0.1055608  0.1056162
 0.10567011 0.10572259 0.10577368 0.10582344 0.10587192 0.10591915
 0.10596517 0.10601003 0.10605376 0.10609639 0.10613796 0.1061785
 0.10621805 0.10625662 0.10629425 0.10633097 0.10636681 0.10640178
 0.10643592 0.10646926 0.1065018  0.10653359 0.10656464 0.10659497
 0.10662461]
[0.01866775 0.02308549 0.02759412 0.03222913 0.03700603 0.04191398
 0.04692309 0.05199315 0.05708009 0.0621396  0.06712913 0.07200867
 0.07674128 0.08129335 0.08563501 0.08974066 0.09358952 0.09716626
 0.10046149 0.10347201 0.10620072 0.10865617 0.11085171 0.11280434
 0.11453353 0.11606003 0.11740478 0.11858813 0.11962922 0.12054566
 0.12135334 0.1220664  0.12269728 0.12325685 0.12375456 0.12419856
 0.12459589 0.12495263 0.125274   0.12556449 0.12582797 0.12606778
 0.1262868  0.12648751 0.12667206 0.12684231 0.12699988 0.12714617
 0.1272824  0.12740963 0.1275288  0.1276407  0.12774606 0.1278455
 0.12793955 0.12802871 0.12811339 0.12819397 0.12827078 0.12834411
 0.12841423 0.12848137 0.12854572 0.12860749 0.12866683 0.1287239
 0.12877883 0.12883174 0.12888274 0.12893194 0.12897943 0.12902529
 0.12906961 0.12911245 0.12915389 0.12919398 0.12923278 0.12927035
 0.12930674 0.12934201 0.12937618 0.12940931 0.12944144 0.12947261
 0.12950285 0.12953221 0.1295607  0.12958837 0.12961525 0.12964136
 0.12966673]
[0.03348737 0.0382446  0.0431214  0.04808611 0.05309959 0.05812088
 0.06311021 0.0680305  0.07284784 0.07753174 0.08205508 0.08639424
 0.09052909 0.09444319 0.09812387 0.10156239 0.10475392 0.10769751
 0.11039594 0.11285533 0.1150848  0.11709587 0.11890196 0.12051773
 0.12195857 0.12324003 0.12437744 0.12538555 0.12627825 0.12706845
 0.12776797 0.12838751 0.12893667 0.129424   0.12985706 0.13024252
 0.13058624 0.13089334 0.13116829 0.13141501 0.1316369  0.13183692
 0.13201768 0.13218142 0.13233012 0.13246549 0.13258904 0.13270208
 0.13280576 0.13290109 0.13298896 0.13307014 0.13314532 0.1332151
 0.13328    0.13334051 0.13339703 0.13344994 0.13349955 0.13354617
 0.13359003 0.13363138 0.13367043 0.13370734 0.13374229 0.13377543
 0.13380688 0.13383676 0.13386519 0.13389226 0.13391806 0.13394266
 0.13396615 0.13398859 0.13401003 0.13403054 0.13405017 0.13406897
 0.13408697 0.13410423 0.13412077 0.13413664 0.13415186 0.13416647
 0.1341805  0.13419397 0.13420691 0.13421935 0.1342313  0.13424279
 0.13425384]
[0.04884422 0.05376375 0.05867424 0.0635379  0.06832006 0.07298965
 0.07751917 0.08188466 0.08606569 0.09004533 0.09381017 0.09735036
 0.10065959 0.10373501 0.10657708 0.10918934 0.11157805 0.11375182
 0.11572114 0.11749793 0.11909508 0.12052601 0.12180431 0.12294339
 0.12395628 0.12485538 0.12565233 0.12635798 0.12698229 0.12753433
 0.12802232 0.12845365 0.12883494 0.12917208 0.12947029 0.1297342
 0.1299679  0.13017498 0.13035862 0.1305216  0.13066635 0.13079504
 0.13090955 0.13101154 0.13110245 0.13118356 0.131256   0.13132075
 0.13137869 0.13143057 0.13147706 0.13151877 0.13155621 0.13158984
 0.13162008 0.13164728 0.13167176 0.13169381 0.13171368 0.13173158
 0.13174772 0.13176227 0.13177539 0.13178721 0.13179786 0.13180746
 0.13181609 0.13182384 0.1318308  0.13183704 0.13184262 0.13184759
 0.131852   0.13185591 0.13185936 0.13186237 0.13186499 0.13186725
 0.13186917 0.13187078 0.13187211 0.13187316 0.13187397 0.13187455
 0.13187492 0.13187509 0.13187507 0.13187488 0.13187453 0.13187403
 0.13187339]
[0.06353272 0.068166   0.07267521 0.07703491 0.08122335 0.08522237
 0.0890174  0.09259741 0.09595484 0.09908557 0.10198876 0.10466662
 0.10712412 0.10936861 0.11140945 0.11325749 0.11492468 0.11642362
 0.11776723 0.11896836 0.12003956 0.12099291 0.12183982 0.12259098
 0.12325628 0.1238448  0.12436485 0.12482394 0.12522885 0.12558566
 0.12589985 0.12617627 0.12641927 0.1266327  0.12681999 0.12698416
 0.12712791 0.12725362 0.12736338 0.12745904 0.12754226 0.12761447
 0.12767697 0.12773087 0.12777719 0.12781679 0.12785047 0.12787891
 0.12790273 0.12792245 0.12793857 0.1279515  0.12796162 0.12796925
 0.1279747  0.12797822 0.12798004 0.12798037 0.12797939 0.12797726
 0.12797412 0.1279701  0.12796531 0.12795985 0.12795381 0.12794727
 0.12794029 0.12793294 0.12792527 0.12791733 0.12790917 0.12790081
 0.1278923  0.12788367 0.12787493 0.12786612 0.12785725 0.12784835
 0.12783942 0.12783049 0.12782156 0.12781264 0.12780375 0.12779489
 0.12778607 0.1277773  0.12776858 0.12775992 0.12775132 0.12774278
 0.12773431]
[0.0761687  0.08019226 0.08402177 0.08764455 0.09105147 0.09423688
 0.09719848 0.0999371  0.10245647 0.10476283 0.10686457 0.10877176
 0.11049575 0.11204872 0.11344325 0.11469203 0.11580755 0.11680186
 0.11768643 0.11847202 0.11916865 0.11978553 0.12033106 0.12081291
 0.12123797 0.12161249 0.12194203 0.1222316  0.12248567 0.12270821
 0.12290277 0.12307251 0.12322022 0.12334841 0.12345929 0.12355482
 0.12363674 0.12370662 0.12376583 0.12381558 0.12385696 0.12389095
 0.12391839 0.12394004 0.12395658 0.12396861 0.12397667 0.12398123
 0.12398272 0.1239815  0.12397791 0.12397225 0.12396478 0.12395574
 0.12394533 0.12393375 0.12392115 0.12390768 0.12389347 0.12387865
 0.1238633  0.12384752 0.1238314  0.123815   0.12379839 0.12378161
 0.12376473 0.12374779 0.12373081 0.12371385 0.12369691 0.12368004
 0.12366325 0.12364657 0.12363    0.12361356 0.12359728 0.12358114
 0.12356518 0.12354938 0.12353376 0.12351833 0.12350309 0.12348803
 0.12347317 0.1234585  0.12344402 0.12342974 0.12341566 0.12340177
 0.12338808]
[0.08599813 0.08925916 0.09229994 0.09511958 0.0977202  0.10010667
 0.10228621 0.10426796 0.10606257 0.10768171 0.10913773 0.1104432
 0.11161064 0.11265226 0.11357975 0.11440415 0.11513575 0.11578406
 0.1163578  0.11686489 0.11731251 0.11770711 0.1180545  0.11835986
 0.11862783 0.11886254 0.11906768 0.11924653 0.119402   0.11953667
 0.11965287 0.11975264 0.1198378  0.11990998 0.11997062 0.12002101
 0.1200623  0.12009551 0.12012155 0.12014123 0.12015528 0.12016434
 0.12016899 0.12016975 0.12016707 0.12016138 0.12015303 0.12014235
 0.12012964 0.12011515 0.12009913 0.12008179 0.1200633  0.12004384
 0.12002355 0.12000257 0.11998102 0.119959   0.1199366  0.11991391
 0.11989101 0.11986796 0.11984481 0.11982162 0.11979844 0.11977531
 0.11975225 0.11972931 0.11970651 0.11968387 0.11966142 0.11963916
 0.11961712 0.11959531 0.11957375 0.11955243 0.11953137 0.11951057
 0.11949004 0.11946978 0.1194498  0.11943009 0.11941066 0.11939151
 0.11937263 0.11935403 0.11933571 0.11931765 0.11929987 0.11928236
 0.11926511]
[0.09289481 0.09538961 0.09767443 0.09975712 0.10164733 0.10335606
 0.10489521 0.10627717 0.10751448 0.10861952 0.10960429 0.11048019
 0.11125796 0.11194755 0.11255811 0.11309801 0.11357483 0.11399541
 0.11436589 0.11469177 0.11497796 0.11522883 0.11544829 0.1156398
 0.11580644 0.11595093 0.11607572 0.11618297 0.11627459 0.1163523
 0.11641761 0.11647188 0.11651632 0.116552   0.1165799  0.11660085
 0.11661565 0.11662496 0.1166294  0.11662953 0.11662584 0.11661876
 0.1166087  0.116596   0.116581   0.11656397 0.11654516 0.11652482
 0.11650314 0.11648032 0.11645651 0.11643187 0.11640652 0.1163806
 0.11635421 0.11632744 0.11630038 0.11627311 0.11624569 0.11621818
 0.11619065 0.11616314 0.11613569 0.11610834 0.11608112 0.11605407
 0.1160272  0.11600055 0.11597413 0.11594795 0.11592205 0.11589641
 0.11587107 0.11584602 0.11582127 0.11579683 0.11577271 0.1157489
 0.11572542 0.11570225 0.11567941 0.11565689 0.1156347  0.11561282
 0.11559127 0.11557003 0.11554911 0.1155285  0.1155082  0.11548821
 0.11546852]
[0.09719388 0.09902184 0.10067218 0.10215689 0.10348839 0.10467917
 0.1057415  0.10668722 0.10752757 0.10827306 0.10893344 0.10951764
 0.11003381 0.1104893  0.11089075 0.11124409 0.11155464 0.11182713
 0.11206577 0.1122743  0.11245605 0.11261397 0.11275067 0.11286847
 0.11296944 0.11305541 0.11312801 0.11318868 0.11323872 0.11327926
 0.11331135 0.11333588 0.11335368 0.11336548 0.11337194 0.11337363
 0.11337109 0.11336478 0.11335513 0.11334253 0.11332731 0.11330977
 0.11329021 0.11326886 0.11324595 0.11322168 0.11319624 0.11316979
 0.11314247 0.11311443 0.11308577 0.11305661 0.11302705 0.11299716
 0.11296704 0.11293675 0.11290635 0.1128759  0.11284545 0.11281504
 0.11278472 0.11275453 0.11272449 0.11269463 0.11266497 0.11263555
 0.11260638 0.11257747 0.11254884 0.1125205  0.11249247 0.11246475
 0.11243735 0.11241027 0.11238353 0.11235713 0.11233106 0.11230533
 0.11227995 0.11225491 0.11223021 0.11220585 0.11218183 0.11215815
 0.11213481 0.11211181 0.11208913 0.11206679 0.11204477 0.11202307
 0.1120017 ]
[0.09946283 0.10076691 0.10193226 0.10297108 0.10389514 0.1047156
 0.10544288 0.10608662 0.10665568 0.10715808 0.1076011  0.10799126
 0.10833441 0.10863578 0.10890002 0.10913124 0.10933313 0.10950892
 0.1096615  0.10979343 0.10990697 0.11000413 0.11008668 0.1101562
 0.11021411 0.11026165 0.11029994 0.11032996 0.1103526  0.11036864
 0.1103788  0.11038371 0.11038393 0.11037997 0.11037229 0.11036129
 0.11034735 0.11033079 0.11031192 0.110291   0.11026828 0.11024397
 0.11021828 0.11019137 0.11016342 0.11013457 0.11010495 0.11007467
 0.11004385 0.11001259 0.10998097 0.10994906 0.10991695 0.10988469
 0.10985235 0.10981997 0.10978761 0.1097553  0.10972308 0.10969099
 0.10965906 0.10962731 0.10959577 0.10956446 0.1095334  0.1095026
 0.10947208 0.10944185 0.10941193 0.10938231 0.10935302 0.10932405
 0.10929542 0.10926712 0.10923916 0.10921154 0.10918427 0.10915735
 0.10913077 0.10910454 0.10907865 0.10905311 0.10902792 0.10900306
 0.10897855 0.10895437 0.10893052 0.10890701 0.10888382 0.10886096
 0.10883842]
[0.10029057 0.10120991 0.10202573 0.10274849 0.10338786 0.1039527
 0.10445108 0.10489027 0.10527682 0.1056166  0.10591482 0.10617614
 0.10640468 0.1066041  0.10677765 0.1069282  0.10705829 0.10717018
 0.10726585 0.10734707 0.10741541 0.10747226 0.10751885 0.10755629
 0.10758554 0.10760749 0.10762291 0.10763249 0.10763686 0.10763656
 0.10763211 0.10762393 0.10761245 0.10759801 0.10758095 0.10756155
 0.10754008 0.10751678 0.10749187 0.10746553 0.10743794 0.10740927
 0.10737965 0.10734922 0.1073181  0.10728638 0.10725417 0.10722156
 0.10718863 0.10715544 0.10712207 0.10708856 0.10705499 0.10702138
 0.10698779 0.10695426 0.10692081 0.10688749 0.10685432 0.10682133
 0.10678854 0.10675596 0.10672363 0.10669155 0.10665973 0.1066282
 0.10659696 0.10656603 0.1065354  0.10650509 0.1064751  0.10644544
 0.10641611 0.10638712 0.10635846 0.10633015 0.10630217 0.10627454
 0.10624724 0.10622029 0.10619368 0.1061674  0.10614146 0.10611586
 0.10609059 0.10606566 0.10604105 0.10601676 0.1059928  0.10596916
 0.10594583]
[0.10016571 0.10081292 0.10138446 0.10188853 0.10233253 0.10272315
 0.10306634 0.10336744 0.10363118 0.10386175 0.1040629  0.10423791
 0.10438971 0.10452087 0.10463368 0.10473016 0.1048121  0.10488108
 0.1049385  0.10498562 0.10502353 0.10505322 0.10507557 0.10509135
 0.10510127 0.10510594 0.10510592 0.10510171 0.10509375 0.10508244
 0.10506815 0.1050512  0.10503187 0.10501043 0.10498713 0.10496216
 0.10493573 0.104908   0.10487915 0.1048493  0.1048186  0.10478715
 0.10475507 0.10472245 0.10468938 0.10465594 0.1046222  0.10458823
 0.10455409 0.10451983 0.1044855  0.10445114 0.1044168  0.10438251
 0.1043483  0.10431421 0.10428026 0.10424648 0.10421288 0.10417949
 0.10414633 0.1041134  0.10408073 0.10404832 0.10401619 0.10398435
 0.1039528  0.10392156 0.10389062 0.10385999 0.10382969 0.1037997
 0.10377004 0.10374071 0.10371171 0.10368303 0.10365469 0.10362667
 0.10359899 0.10357164 0.10354461 0.10351791 0.10349154 0.10346549
 0.10343977 0.10341436 0.10338928 0.1033645  0.10334004 0.10331589
 0.10329205]
[0.09944446 0.09990221 0.10030482 0.10065846 0.10096866 0.10124032
 0.10147782 0.101685   0.10186529 0.10202171 0.10215693 0.10227332
 0.10237297 0.1024577  0.10252917 0.10258882 0.10263793 0.10267763
 0.10270893 0.10273274 0.10274985 0.10276097 0.10276673 0.1027677
 0.1027644  0.10275726 0.1027467  0.10273309 0.10271675 0.10269797
 0.10267702 0.10265414 0.10262954 0.10260342 0.10257596 0.10254732
 0.10251763 0.10248704 0.10245565 0.10242358 0.10239092 0.10235777
 0.1023242  0.10229028 0.10225609 0.10222168 0.1021871  0.10215242
 0.10211767 0.10208289 0.10204813 0.10201341 0.10197876 0.10194423
 0.10190982 0.10187556 0.10184148 0.10180759 0.10177391 0.10174045
 0.10170723 0.10167426 0.10164155 0.10160911 0.10157695 0.10154507
 0.10151348 0.10148219 0.1014512  0.10142052 0.10139015 0.10136008
 0.10133034 0.1013009  0.10127178 0.10124298 0.1012145  0.10118633
 0.10115849 0.10113095 0.10110374 0.10107683 0.10105024 0.10102396
 0.10099799 0.10097232 0.10094696 0.1009219  0.10089714 0.10087268
 0.10084851]
[0.09836771 0.09869371 0.09897923 0.09922887 0.09944672 0.09963638
 0.09980105 0.09994354 0.10006633 0.10017164 0.1002614  0.10033733
 0.10040094 0.10045359 0.10049646 0.1005306  0.10055696 0.10057637
 0.10058957 0.10059721 0.10059989 0.10059814 0.10059241 0.10058314
 0.10057069 0.10055541 0.1005376  0.10051753 0.10049544 0.10047157
 0.1004461  0.10041923 0.1003911  0.10036187 0.10033168 0.10030063
 0.10026885 0.10023643 0.10020347 0.10017004 0.10013621 0.10010207
 0.10006766 0.10003304 0.09999828 0.0999634  0.09992846 0.09989349
 0.09985853 0.0998236  0.09978875 0.09975399 0.09971935 0.09968485
 0.09965051 0.09961634 0.09958237 0.09954861 0.09951507 0.09948176
 0.09944869 0.09941588 0.09938332 0.09935104 0.09931902 0.09928729
 0.09925584 0.09922468 0.09919381 0.09916324 0.09913296 0.09910299
 0.09907331 0.09904394 0.09901487 0.0989861  0.09895764 0.09892948
 0.09890162 0.09887406 0.0988468  0.09881984 0.09879318 0.09876682
 0.09874075 0.09871497 0.09868948 0.09866429 0.09863937 0.09861474
 0.0985904 ]
[0.09709159 0.09732527 0.09752887 0.09770581 0.09785911 0.09799146
 0.09810521 0.09820245 0.09828501 0.09835451 0.0984124  0.09845995
 0.09849827 0.09852838 0.09855114 0.09856736 0.09857773 0.09858287
 0.09858334 0.09857963 0.09857218 0.0985614  0.09854763 0.09853119
 0.09851238 0.09849144 0.09846861 0.09844409 0.09841808 0.09839073
 0.09836221 0.09833266 0.09830219 0.09827092 0.09823896 0.09820639
 0.0981733  0.09813978 0.09810588 0.09807168 0.09803722 0.09800257
 0.09796776 0.09793286 0.09789788 0.09786288 0.09782788 0.09779291
 0.097758   0.09772317 0.09768846 0.09765387 0.09761943 0.09758515
 0.09755105 0.09751715 0.09748344 0.09744996 0.0974167  0.09738368
 0.0973509  0.09731837 0.09728609 0.09725409 0.09722234 0.09719087
 0.09715968 0.09712876 0.09709813 0.09706778 0.09703771 0.09700793
 0.09697844 0.09694924 0.09692032 0.09689169 0.09686336 0.09683531
 0.09680755 0.09678007 0.09675288 0.09672597 0.09669935 0.09667301
 0.09664695 0.09662116 0.09659566 0.09657042 0.09654546 0.09652077
 0.09649635]
[0.09571492 0.09588315 0.09602867 0.09615406 0.09626159 0.09635326
 0.09643086 0.09649593 0.09654988 0.0965939  0.0966291  0.09665643
 0.09667673 0.09669076 0.0966992  0.09670264 0.09670161 0.0966966
 0.09668801 0.09667623 0.09666161 0.09664444 0.096625   0.09660353
 0.09658026 0.09655538 0.09652907 0.09650149 0.09647279 0.0964431
 0.09641253 0.09638121 0.09634922 0.09631665 0.09628359 0.0962501
 0.09621625 0.09618211 0.09614773 0.09611315 0.09607842 0.0960436
 0.0960087  0.09597377 0.09593884 0.09590393 0.09586907 0.0958343
 0.09579961 0.09576505 0.09573062 0.09569634 0.09566223 0.09562829
 0.09559455 0.095561   0.09552767 0.09549456 0.09546167 0.09542902
 0.09539661 0.09536445 0.09533254 0.09530089 0.09526949 0.09523836
 0.09520749 0.0951769  0.09514657 0.09511651 0.09508673 0.09505722
 0.09502798 0.09499902 0.09497033 0.09494192 0.09491378 0.09488592
 0.09485833 0.09483101 0.09480396 0.09477718 0.09475067 0.09472443
 0.09469846 0.09467274 0.09464729 0.0946221  0.09459717 0.0945725
 0.09454808]
[0.09429942 0.09442058 0.09452431 0.09461259 0.09468715 0.09474951
 0.09480103 0.0948429  0.09487618 0.0949018  0.0949206  0.09493331
 0.09494059 0.09494302 0.09494111 0.09493533 0.09492609 0.09491377
 0.09489868 0.09488113 0.09486137 0.09483966 0.0948162  0.09479118
 0.09476478 0.09473715 0.09470844 0.09467877 0.09464826 0.094617
 0.09458511 0.09455265 0.09451971 0.09448635 0.09445265 0.09441866
 0.09438443 0.09435001 0.09431544 0.09428077 0.09424602 0.09421124
 0.09417645 0.09414168 0.09410696 0.0940723  0.09403773 0.09400327
 0.09396892 0.09393472 0.09390067 0.09386679 0.09383308 0.09379957
 0.09376624 0.09373313 0.09370023 0.09366755 0.09363509 0.09360287
 0.09357088 0.09353914 0.09350764 0.09347638 0.09344538 0.09341464
 0.09338414 0.09335391 0.09332393 0.09329422 0.09326476 0.09323557
 0.09320664 0.09317797 0.09314956 0.09312141 0.09309352 0.09306589
 0.09303852 0.09301141 0.09298456 0.09295796 0.09293162 0.09290553
 0.09287969 0.09285411 0.09282877 0.09280368 0.09277883 0.09275423
 0.09272987]
[0.09288308 0.09296989 0.09304312 0.09310429 0.09315473 0.09319565
 0.09322809 0.09325297 0.09327112 0.09328327 0.09329006 0.09329207
 0.09328982 0.09328376 0.0932743  0.0932618  0.09324659 0.09322896
 0.09320917 0.09318745 0.09316402 0.09313906 0.09311275 0.09308523
 0.09305665 0.09302712 0.09299677 0.09296569 0.09293398 0.09290172
 0.09286898 0.09283583 0.09280234 0.09276856 0.09273455 0.09270034
 0.09266599 0.09263152 0.09259699 0.0925624  0.09252781 0.09249323
 0.09245868 0.09242419 0.09238979 0.09235547 0.09232127 0.0922872
 0.09225327 0.0922195  0.09218589 0.09215245 0.0921192  0.09208615
 0.09205329 0.09202064 0.09198821 0.09195599 0.091924   0.09189223
 0.0918607  0.0918294  0.09179833 0.09176751 0.09173693 0.0917066
 0.09167651 0.09164666 0.09161707 0.09158772 0.09155862 0.09152977
 0.09150117 0.09147282 0.09144472 0.09141687 0.09138926 0.0913619
 0.09133479 0.09130792 0.0912813  0.09125492 0.09122878 0.09120288
 0.09117723 0.09115181 0.09112662 0.09110167 0.09107696 0.09105247
 0.09102822]
[0.09148897 0.09155034 0.09160097 0.09164204 0.09167462 0.09169963
 0.09171791 0.09173018 0.09173711 0.09173926 0.09173716 0.09173125
 0.09172195 0.09170963 0.0916946  0.09167717 0.09165758 0.09163608
 0.09161287 0.09158814 0.09156206 0.09153479 0.09150645 0.09147718
 0.09144709 0.09141627 0.09138483 0.09135283 0.09132035 0.09128747
 0.09125425 0.09122073 0.09118698 0.09115303 0.09111892 0.09108471
 0.09105041 0.09101606 0.09098169 0.09094733 0.090913   0.09087872
 0.0908445  0.09081038 0.09077636 0.09074245 0.09070868 0.09067505
 0.09064158 0.09060826 0.09057513 0.09054217 0.09050941 0.09047684
 0.09044447 0.0904123  0.09038035 0.09034861 0.0903171  0.0902858
 0.09025473 0.09022389 0.09019328 0.09016291 0.09013276 0.09010285
 0.09007318 0.09004374 0.09001454 0.08998558 0.08995685 0.08992836
 0.08990011 0.0898721  0.08984433 0.08981679 0.08978948 0.08976242
 0.08973558 0.08970898 0.08968261 0.08965648 0.08963057 0.08960489
 0.08957944 0.08955421 0.08952921 0.08950443 0.08947987 0.08945554
 0.08943142]
[0.09013064 0.09017293 0.09020658 0.09023256 0.0902517  0.09026477
 0.09027241 0.09027522 0.09027372 0.09026838 0.09025962 0.09024779
 0.09023324 0.09021625 0.09019709 0.09017601 0.0901532  0.09012885
 0.09010315 0.09007625 0.09004827 0.09001936 0.08998961 0.08995913
 0.08992801 0.08989633 0.08986418 0.08983161 0.08979869 0.08976547
 0.08973201 0.08969835 0.08966453 0.08963058 0.08959655 0.08956246
 0.08952834 0.08949422 0.08946013 0.08942607 0.08939207 0.08935816
 0.08932433 0.08929062 0.08925703 0.08922357 0.08919025 0.0891571
 0.0891241  0.08909127 0.08905863 0.08902617 0.08899389 0.08896182
 0.08892994 0.08889827 0.08886681 0.08883556 0.08880453 0.08877371
 0.08874311 0.08871273 0.08868258 0.08865264 0.08862294 0.08859346
 0.0885642  0.08853518 0.08850638 0.08847781 0.08844946 0.08842135
 0.08839346 0.08836579 0.08833835 0.08831114 0.08828415 0.08825739
 0.08823085 0.08820453 0.08817843 0.08815255 0.08812689 0.08810145
 0.08807622 0.08805121 0.08802641 0.08800183 0.08797745 0.08795329
 0.08792933]
