[0.00613066 0.00614183 0.00615229 0.00616202 0.00617104 0.00617939
 0.00618712 0.00619426 0.00620088 0.00620689 0.00612829]
[0.13359205 0.13373297 0.13384577 0.1339377  0.13401362 0.13407693
 0.13413008 0.13417494 0.13421293 0.13424521 0.1342727 ]
[0.11950787 0.11941321 0.11931942 0.11922835 0.11914107 0.11905808
 0.1189796  0.11890563 0.11883602 0.11877059 0.11870912]
[0.10651447 0.10638547 0.10626095 0.10614148 0.10602734 0.10591864
 0.10581533 0.1057173  0.10562437 0.10553631 0.1054529 ]
[0.09714927 0.09702085 0.09689675 0.09677716 0.09666216 0.09655174
 0.09644584 0.09634436 0.09624718 0.09615415 0.09606513]
[0.09009948 0.08997768 0.08985963 0.08974535 0.08963486 0.0895281
 0.08942501 0.08932553 0.08922954 0.08913696 0.08904767]
[0.00613066 0.13359205 0.11950787 0.10651447 0.09714927 0.09009948]
[0.00614183 0.13373297 0.11941321 0.10638547 0.09702085 0.08997768]
[0.00615229 0.13384577 0.11931942 0.10626095 0.09689675 0.08985963]
[0.00616202 0.1339377  0.11922835 0.10614148 0.09677716 0.08974535]
[0.00617104 0.13401362 0.11914107 0.10602734 0.09666216 0.08963486]
[0.00617939 0.13407693 0.11905808 0.10591864 0.09655174 0.0895281 ]
