[ 0.00306642  0.00306714  0.00306785  0.00306855  0.00306925  0.00306995
  0.00307063  0.00307132  0.00307199  0.00307266  0.00307333  0.00307399
  0.00307464  0.00307529  0.00307594  0.00307657  0.0030772   0.00307783
  0.00307845  0.00307906  0.00307967  0.00308028  0.00308087  0.00308147
  0.00308205  0.00308263  0.00308321  0.00308378  0.00308435  0.0030849
  0.00308546  0.00308601  0.00308655  0.00308709  0.00308762  0.00308815
  0.00308867  0.00308919  0.0030897   0.00309021  0.00309071  0.00309121
  0.0030917   0.00309219  0.00309267  0.00309315  0.00309363  0.0030941
  0.00309456  0.00309502  0.00309548  0.00309593  0.00309637  0.00309682
  0.00309726  0.00309769  0.00309812  0.00309855  0.00309897  0.00309939
  0.0030998   0.00310021  0.00310062  0.00310102  0.00310142  0.00310181
  0.0031022   0.00310259  0.00310297  0.00310334  0.0031037   0.00310404
  0.00310433  0.00310452  0.00310446  0.00310389  0.00310213  0.00309768
  0.00308722  0.00306329  0.00300972  0.00289317  0.00265163  0.00219098
  0.00141116  0.00025797 -0.00125344 -0.00306455 -0.00510901 -0.00733022
 -0.00968466 -0.01213997 -0.01467205 -0.01726273 -0.01989801 -0.02256686
 -0.02526037]
[ 0.00613066  0.00613209  0.00613352  0.00613493  0.00613633  0.00613773
  0.00613911  0.00614047  0.00614183  0.00614318  0.00614451  0.00614584
  0.00614715  0.00614845  0.00614974  0.00615102  0.00615229  0.00615354
  0.00615479  0.00615602  0.00615724  0.00615845  0.00615965  0.00616084
  0.00616202  0.00616319  0.00616434  0.00616548  0.00616662  0.00616774
  0.00616885  0.00616995  0.00617104  0.00617212  0.00617319  0.00617425
  0.0061753   0.00617634  0.00617737  0.00617839  0.00617939  0.00618039
  0.00618138  0.00618236  0.00618333  0.00618429  0.00618524  0.00618618
  0.00618712  0.00618804  0.00618895  0.00618986  0.00619076  0.00619165
  0.00619252  0.0061934   0.00619426  0.00619511  0.00619596  0.0061968
  0.00619763  0.00619845  0.00619927  0.00620008  0.00620088  0.00620167
  0.00620245  0.00620323  0.006204    0.00620475  0.0062055   0.00620622
  0.00620689  0.00620747  0.00620784  0.00620776  0.00620664  0.00620322
  0.00619459  0.0061743   0.00612829  0.00602713  0.00581479  0.00540214
  0.00468651  0.00360185  0.00215129  0.00038809 -0.00162118 -0.00381763
 -0.00615553 -0.00860081 -0.01112812 -0.01371841 -0.01635708 -0.01903263
 -0.02173586]
[ 0.00919131  0.00919346  0.00919561  0.00919773  0.00919984  0.00920193
  0.00920401  0.00920607  0.00920811  0.00921014  0.00921215  0.00921414
  0.00921612  0.00921807  0.00922001  0.00922194  0.00922384  0.00922573
  0.00922761  0.00922946  0.0092313   0.00923312  0.00923493  0.00923672
  0.00923849  0.00924024  0.00924198  0.0092437   0.00924541  0.00924709
  0.00924877  0.00925042  0.00925206  0.00925369  0.0092553   0.00925689
  0.00925847  0.00926003  0.00926158  0.00926311  0.00926463  0.00926613
  0.00926762  0.00926909  0.00927055  0.009272    0.00927343  0.00927484
  0.00927625  0.00927764  0.00927901  0.00928038  0.00928173  0.00928306
  0.00928439  0.0092857   0.00928699  0.00928828  0.00928955  0.00929082
  0.00929207  0.0092933   0.00929453  0.00929574  0.00929695  0.00929814
  0.00929932  0.00930049  0.00930165  0.00930279  0.00930392  0.00930502
  0.00930607  0.00930705  0.00930784  0.00930823  0.00930773  0.00930523
  0.00929824  0.00928118  0.00924183  0.00915433  0.00896839  0.00860058
  0.0079475   0.00693252  0.00554598  0.00383461  0.00186442 -0.00030391
 -0.00262234 -0.00505485 -0.0075748  -0.01016221 -0.01280182 -0.01548169
 -0.01819229]
